dist = {
    (-12, -12): 0.97056274847713908116,
    (-12, -11): 0.27882059609970610836,
    (-12, -10): 0.62049935181330795331,
    (-12, -8): 0.42220510185595649943,
    (-12, -7): 0.89244398944980396493,
    (-12, -6): 0.41640786499873883031,
    (-12, -4): 0.64911064067351809115,
    (-12, -3): 0.36931687685298086876,
    (-12, -2): 0.16552506059643867786,
    (-12, -1): 0.04159457879229577770,
    (-12, 1): 0.04159457879229577770,
    (-12, 2): 0.16552506059643867786,
    (-12, 3): 0.36931687685298086876,
    (-12, 4): 0.64911064067351809115,
    (-12, 6): 0.41640786499873883031,
    (-12, 7): 0.89244398944980396493,
    (-12, 8): 0.42220510185595649943,
    (-12, 10): 0.62049935181330795331,
    (-12, 11): 0.27882059609970610836,
    (-12, 12): 0.97056274847713908116,
    (-11, -12): 0.27882059609970610836,
    (-11, -11): 0.55634918610404504591,
    (-11, -10): 0.86606874731850602700,
    (-11, -9): 0.21267040355189514855,
    (-11, -8): 0.60147050873544394278,
    (-11, -7): 0.03840481040529830636,
    (-11, -6): 0.52996408614166767848,
    (-11, -5): 0.08304597359457233097,
    (-11, -4): 0.70469991071962567730,
    (-11, -3): 0.40175425099137918039,
    (-11, -2): 0.18033988749894902526,
    (-11, -1): 0.04536101718726115450,
    (-11, 1): 0.04536101718726115450,
    (-11, 2): 0.18033988749894902526,
    (-11, 3): 0.40175425099137918039,
    (-11, 4): 0.70469991071962567730,
    (-11, 5): 0.08304597359457233097,
    (-11, 6): 0.52996408614166767848,
    (-11, 7): 0.03840481040529830636,
    (-11, 8): 0.60147050873544394278,
    (-11, 9): 0.21267040355189514855,
    (-11, 10): 0.86606874731850602700,
    (-11, 11): 0.55634918610404504591,
    (-11, 12): 0.27882059609970610836,
    (-10, -12): 0.62049935181330795331,
    (-10, -11): 0.86606874731850602700,
    (-10, -10): 0.14213562373095101066,
    (-10, -9): 0.45362404707370984625,
    (-10, -8): 0.80624847486569706234,
    (-10, -7): 0.20655561573370206929,
    (-10, -6): 0.66190378969060148506,
    (-10, -5): 0.18033988749894902526,
    (-10, -4): 0.77032961426900747881,
    (-10, -3): 0.44030650891055067575,
    (-10, -2): 0.19803902718556898321,
    (-10, -1): 0.04987562112088994581,
    (-10, 1): 0.04987562112088994581,
    (-10, 2): 0.19803902718556898321,
    (-10, 3): 0.44030650891055067575,
    (-10, 4): 0.77032961426900747881,
    (-10, 5): 0.18033988749894902526,
    (-10, 6): 0.66190378969060148506,
    (-10, 7): 0.20655561573370206929,
    (-10, 8): 0.80624847486569706234,
    (-10, 9): 0.45362404707370984625,
    (-10, 10): 0.14213562373095101066,
    (-10, 11): 0.86606874731850602700,
    (-10, 12): 0.62049935181330795331,
    (-9, -11): 0.21267040355189514855,
    (-9, -10): 0.45362404707370984625,
    (-9, -9): 0.72792206135785519905,
    (-9, -8): 0.04159457879229577770,
    (-9, -7): 0.40175425099137918039,
    (-9, -6): 0.81665382639196870684,
    (-9, -5): 0.29563014098700080012,
    (-9, -4): 0.84885780179610392793,
    (-9, -3): 0.48683298050513812427,
    (-9, -2): 0.21954445729288707412,
    (-9, -1): 0.05538513813741730019,
    (-9, 1): 0.05538513813741730019,
    (-9, 2): 0.21954445729288707412,
    (-9, 3): 0.48683298050513812427,
    (-9, 4): 0.84885780179610392793,
    (-9, 5): 0.29563014098700080012,
    (-9, 6): 0.81665382639196870684,
    (-9, 7): 0.40175425099137918039,
    (-9, 8): 0.04159457879229577770,
    (-9, 9): 0.72792206135785519905,
    (-9, 10): 0.45362404707370984625,
    (-9, 11): 0.21267040355189514855,
    (-8, -12): 0.42220510185595649943,
    (-8, -11): 0.60147050873544394278,
    (-8, -10): 0.80624847486569706234,
    (-8, -9): 0.04159457879229577770,
    (-8, -8): 0.31370849898476116380,
    (-8, -7): 0.63014581273464997935,
    (-8, -5): 0.43398113205660315828,
    (-8, -4): 0.94427190999915922021,
    (-8, -3): 0.54400374531753037388,
    (-8, -2): 0.24621125123532117129,
    (-8, -1): 0.06225774829854913150,
    (-8, 1): 0.06225774829854913150,
    (-8, 2): 0.24621125123532117129,
    (-8, 3): 0.54400374531753037388,
    (-8, 4): 0.94427190999915922021,
    (-8, 5): 0.43398113205660315828,
    (-8, 7): 0.63014581273464997935,
    (-8, 8): 0.31370849898476116380,
    (-8, 9): 0.04159457879229577770,
    (-8, 10): 0.80624847486569706234,
    (-8, 11): 0.60147050873544394278,
    (-8, 12): 0.42220510185595649943,
    (-7, -12): 0.89244398944980396493,
    (-7, -11): 0.03840481040529830636,
    (-7, -10): 0.20655561573370206929,
    (-7, -9): 0.40175425099137918039,
    (-7, -8): 0.63014581273464997935,
    (-7, -7): 0.89949493661166535219,
    (-7, -6): 0.21954445729288707412,
    (-7, -5): 0.60232526704262667749,
    (-7, -4): 0.06225774829854913150,
    (-7, -3): 0.61577310586390865410,
    (-7, -2): 0.28010988928051805402,
    (-7, -1): 0.07106781186547550533,
    (-7, 1): 0.07106781186547550533,
    (-7, 2): 0.28010988928051805402,
    (-7, 3): 0.61577310586390865410,
    (-7, 4): 0.06225774829854913150,
    (-7, 5): 0.60232526704262667749,
    (-7, 6): 0.21954445729288707412,
    (-7, 7): 0.89949493661166535219,
    (-7, 8): 0.63014581273464997935,
    (-7, 9): 0.40175425099137918039,
    (-7, 10): 0.20655561573370206929,
    (-7, 11): 0.03840481040529830636,
    (-7, 12): 0.89244398944980396493,
    (-6, -12): 0.41640786499873883031,
    (-6, -11): 0.52996408614166767848,
    (-6, -10): 0.66190378969060148506,
    (-6, -9): 0.81665382639196870684,
    (-6, -7): 0.21954445729288707412,
    (-6, -6): 0.48528137423856954058,
    (-6, -5): 0.81024967590665397665,
    (-6, -4): 0.21110255092797824972,
    (-6, -3): 0.70820393249936941515,
    (-6, -2): 0.32455532033675904557,
    (-6, -1): 0.08276253029821933893,
    (-6, 1): 0.08276253029821933893,
    (-6, 2): 0.32455532033675904557,
    (-6, 3): 0.70820393249936941515,
    (-6, 4): 0.21110255092797824972,
    (-6, 5): 0.81024967590665397665,
    (-6, 6): 0.48528137423856954058,
    (-6, 7): 0.21954445729288707412,
    (-6, 9): 0.81665382639196870684,
    (-6, 10): 0.66190378969060148506,
    (-6, 11): 0.52996408614166767848,
    (-6, 12): 0.41640786499873883031,
    (-5, -11): 0.08304597359457233097,
    (-5, -10): 0.18033988749894902526,
    (-5, -9): 0.29563014098700080012,
    (-5, -8): 0.43398113205660315828,
    (-5, -7): 0.60232526704262667749,
    (-5, -6): 0.81024967590665397665,
    (-5, -5): 0.07106781186547550533,
    (-5, -4): 0.40312423743284853117,
    (-5, -3): 0.83095189484530074253,
    (-5, -2): 0.38516480713450373941,
    (-5, -1): 0.09901951359278449161,
    (-5, 1): 0.09901951359278449161,
    (-5, 2): 0.38516480713450373941,
    (-5, 3): 0.83095189484530074253,
    (-5, 4): 0.40312423743284853117,
    (-5, 5): 0.07106781186547550533,
    (-5, 6): 0.81024967590665397665,
    (-5, 7): 0.60232526704262667749,
    (-5, 8): 0.43398113205660315828,
    (-5, 9): 0.29563014098700080012,
    (-5, 10): 0.18033988749894902526,
    (-5, 11): 0.08304597359457233097,
    (-4, -12): 0.64911064067351809115,
    (-4, -11): 0.70469991071962567730,
    (-4, -10): 0.77032961426900747881,
    (-4, -9): 0.84885780179610392793,
    (-4, -8): 0.94427190999915922021,
    (-4, -7): 0.06225774829854913150,
    (-4, -6): 0.21110255092797824972,
    (-4, -5): 0.40312423743284853117,
    (-4, -4): 0.65685424949238058190,
    (-4, -2): 0.47213595499957961010,
    (-4, -1): 0.12310562561766058565,
    (-4, 1): 0.12310562561766058565,
    (-4, 2): 0.47213595499957961010,
    (-4, 4): 0.65685424949238058190,
    (-4, 5): 0.40312423743284853117,
    (-4, 6): 0.21110255092797824972,
    (-4, 7): 0.06225774829854913150,
    (-4, 8): 0.94427190999915922021,
    (-4, 9): 0.84885780179610392793,
    (-4, 10): 0.77032961426900747881,
    (-4, 11): 0.70469991071962567730,
    (-4, 12): 0.64911064067351809115,
    (-3, -12): 0.36931687685298086876,
    (-3, -11): 0.40175425099137918039,
    (-3, -10): 0.44030650891055067575,
    (-3, -9): 0.48683298050513812427,
    (-3, -8): 0.54400374531753037388,
    (-3, -7): 0.61577310586390865410,
    (-3, -6): 0.70820393249936941515,
    (-3, -5): 0.83095189484530074253,
    (-3, -3): 0.24264068711928477029,
    (-3, -2): 0.60555127546398912486,
    (-3, -1): 0.16227766016837952279,
    (-3, 1): 0.16227766016837952279,
    (-3, 2): 0.60555127546398912486,
    (-3, 3): 0.24264068711928477029,
    (-3, 5): 0.83095189484530074253,
    (-3, 6): 0.70820393249936941515,
    (-3, 7): 0.61577310586390865410,
    (-3, 8): 0.54400374531753037388,
    (-3, 9): 0.48683298050513812427,
    (-3, 10): 0.44030650891055067575,
    (-3, 11): 0.40175425099137918039,
    (-3, 12): 0.36931687685298086876,
    (-2, -12): 0.16552506059643867786,
    (-2, -11): 0.18033988749894902526,
    (-2, -10): 0.19803902718556898321,
    (-2, -9): 0.21954445729288707412,
    (-2, -8): 0.24621125123532117129,
    (-2, -7): 0.28010988928051805402,
    (-2, -6): 0.32455532033675904557,
    (-2, -5): 0.38516480713450373941,
    (-2, -4): 0.47213595499957961010,
    (-2, -3): 0.60555127546398912486,
    (-2, -2): 0.82842712474619029095,
    (-2, -1): 0.23606797749978980505,
    (-2, 1): 0.23606797749978980505,
    (-2, 2): 0.82842712474619029095,
    (-2, 3): 0.60555127546398912486,
    (-2, 4): 0.47213595499957961010,
    (-2, 5): 0.38516480713450373941,
    (-2, 6): 0.32455532033675904557,
    (-2, 7): 0.28010988928051805402,
    (-2, 8): 0.24621125123532117129,
    (-2, 9): 0.21954445729288707412,
    (-2, 10): 0.19803902718556898321,
    (-2, 11): 0.18033988749894902526,
    (-2, 12): 0.16552506059643867786,
    (-1, -12): 0.04159457879229577770,
    (-1, -11): 0.04536101718726115450,
    (-1, -10): 0.04987562112088994581,
    (-1, -9): 0.05538513813741730019,
    (-1, -8): 0.06225774829854913150,
    (-1, -7): 0.07106781186547550533,
    (-1, -6): 0.08276253029821933893,
    (-1, -5): 0.09901951359278449161,
    (-1, -4): 0.12310562561766058565,
    (-1, -3): 0.16227766016837952279,
    (-1, -2): 0.23606797749978980505,
    (-1, -1): 0.41421356237309514547,
    (-1, 1): 0.41421356237309514547,
    (-1, 2): 0.23606797749978980505,
    (-1, 3): 0.16227766016837952279,
    (-1, 4): 0.12310562561766058565,
    (-1, 5): 0.09901951359278449161,
    (-1, 6): 0.08276253029821933893,
    (-1, 7): 0.07106781186547550533,
    (-1, 8): 0.06225774829854913150,
    (-1, 9): 0.05538513813741730019,
    (-1, 10): 0.04987562112088994581,
    (-1, 11): 0.04536101718726115450,
    (-1, 12): 0.04159457879229577770,
    (1, -12): 0.04159457879229577770,
    (1, -11): 0.04536101718726115450,
    (1, -10): 0.04987562112088994581,
    (1, -9): 0.05538513813741730019,
    (1, -8): 0.06225774829854913150,
    (1, -7): 0.07106781186547550533,
    (1, -6): 0.08276253029821933893,
    (1, -5): 0.09901951359278449161,
    (1, -4): 0.12310562561766058565,
    (1, -3): 0.16227766016837952279,
    (1, -2): 0.23606797749978980505,
    (1, -1): 0.41421356237309514547,
    (1, 1): 0.41421356237309514547,
    (1, 2): 0.23606797749978980505,
    (1, 3): 0.16227766016837952279,
    (1, 4): 0.12310562561766058565,
    (1, 5): 0.09901951359278449161,
    (1, 6): 0.08276253029821933893,
    (1, 7): 0.07106781186547550533,
    (1, 8): 0.06225774829854913150,
    (1, 9): 0.05538513813741730019,
    (1, 10): 0.04987562112088994581,
    (1, 11): 0.04536101718726115450,
    (1, 12): 0.04159457879229577770,
    (2, -12): 0.16552506059643867786,
    (2, -11): 0.18033988749894902526,
    (2, -10): 0.19803902718556898321,
    (2, -9): 0.21954445729288707412,
    (2, -8): 0.24621125123532117129,
    (2, -7): 0.28010988928051805402,
    (2, -6): 0.32455532033675904557,
    (2, -5): 0.38516480713450373941,
    (2, -4): 0.47213595499957961010,
    (2, -3): 0.60555127546398912486,
    (2, -2): 0.82842712474619029095,
    (2, -1): 0.23606797749978980505,
    (2, 1): 0.23606797749978980505,
    (2, 2): 0.82842712474619029095,
    (2, 3): 0.60555127546398912486,
    (2, 4): 0.47213595499957961010,
    (2, 5): 0.38516480713450373941,
    (2, 6): 0.32455532033675904557,
    (2, 7): 0.28010988928051805402,
    (2, 8): 0.24621125123532117129,
    (2, 9): 0.21954445729288707412,
    (2, 10): 0.19803902718556898321,
    (2, 11): 0.18033988749894902526,
    (2, 12): 0.16552506059643867786,
    (3, -12): 0.36931687685298086876,
    (3, -11): 0.40175425099137918039,
    (3, -10): 0.44030650891055067575,
    (3, -9): 0.48683298050513812427,
    (3, -8): 0.54400374531753037388,
    (3, -7): 0.61577310586390865410,
    (3, -6): 0.70820393249936941515,
    (3, -5): 0.83095189484530074253,
    (3, -3): 0.24264068711928477029,
    (3, -2): 0.60555127546398912486,
    (3, -1): 0.16227766016837952279,
    (3, 1): 0.16227766016837952279,
    (3, 2): 0.60555127546398912486,
    (3, 3): 0.24264068711928477029,
    (3, 5): 0.83095189484530074253,
    (3, 6): 0.70820393249936941515,
    (3, 7): 0.61577310586390865410,
    (3, 8): 0.54400374531753037388,
    (3, 9): 0.48683298050513812427,
    (3, 10): 0.44030650891055067575,
    (3, 11): 0.40175425099137918039,
    (3, 12): 0.36931687685298086876,
    (4, -12): 0.64911064067351809115,
    (4, -11): 0.70469991071962567730,
    (4, -10): 0.77032961426900747881,
    (4, -9): 0.84885780179610392793,
    (4, -8): 0.94427190999915922021,
    (4, -7): 0.06225774829854913150,
    (4, -6): 0.21110255092797824972,
    (4, -5): 0.40312423743284853117,
    (4, -4): 0.65685424949238058190,
    (4, -2): 0.47213595499957961010,
    (4, -1): 0.12310562561766058565,
    (4, 1): 0.12310562561766058565,
    (4, 2): 0.47213595499957961010,
    (4, 4): 0.65685424949238058190,
    (4, 5): 0.40312423743284853117,
    (4, 6): 0.21110255092797824972,
    (4, 7): 0.06225774829854913150,
    (4, 8): 0.94427190999915922021,
    (4, 9): 0.84885780179610392793,
    (4, 10): 0.77032961426900747881,
    (4, 11): 0.70469991071962567730,
    (4, 12): 0.64911064067351809115,
    (5, -11): 0.08304597359457233097,
    (5, -10): 0.18033988749894902526,
    (5, -9): 0.29563014098700080012,
    (5, -8): 0.43398113205660315828,
    (5, -7): 0.60232526704262667749,
    (5, -6): 0.81024967590665397665,
    (5, -5): 0.07106781186547550533,
    (5, -4): 0.40312423743284853117,
    (5, -3): 0.83095189484530074253,
    (5, -2): 0.38516480713450373941,
    (5, -1): 0.09901951359278449161,
    (5, 1): 0.09901951359278449161,
    (5, 2): 0.38516480713450373941,
    (5, 3): 0.83095189484530074253,
    (5, 4): 0.40312423743284853117,
    (5, 5): 0.07106781186547550533,
    (5, 6): 0.81024967590665397665,
    (5, 7): 0.60232526704262667749,
    (5, 8): 0.43398113205660315828,
    (5, 9): 0.29563014098700080012,
    (5, 10): 0.18033988749894902526,
    (5, 11): 0.08304597359457233097,
    (6, -12): 0.41640786499873883031,
    (6, -11): 0.52996408614166767848,
    (6, -10): 0.66190378969060148506,
    (6, -9): 0.81665382639196870684,
    (6, -7): 0.21954445729288707412,
    (6, -6): 0.48528137423856954058,
    (6, -5): 0.81024967590665397665,
    (6, -4): 0.21110255092797824972,
    (6, -3): 0.70820393249936941515,
    (6, -2): 0.32455532033675904557,
    (6, -1): 0.08276253029821933893,
    (6, 1): 0.08276253029821933893,
    (6, 2): 0.32455532033675904557,
    (6, 3): 0.70820393249936941515,
    (6, 4): 0.21110255092797824972,
    (6, 5): 0.81024967590665397665,
    (6, 6): 0.48528137423856954058,
    (6, 7): 0.21954445729288707412,
    (6, 9): 0.81665382639196870684,
    (6, 10): 0.66190378969060148506,
    (6, 11): 0.52996408614166767848,
    (6, 12): 0.41640786499873883031,
    (7, -12): 0.89244398944980396493,
    (7, -11): 0.03840481040529830636,
    (7, -10): 0.20655561573370206929,
    (7, -9): 0.40175425099137918039,
    (7, -8): 0.63014581273464997935,
    (7, -7): 0.89949493661166535219,
    (7, -6): 0.21954445729288707412,
    (7, -5): 0.60232526704262667749,
    (7, -4): 0.06225774829854913150,
    (7, -3): 0.61577310586390865410,
    (7, -2): 0.28010988928051805402,
    (7, -1): 0.07106781186547550533,
    (7, 1): 0.07106781186547550533,
    (7, 2): 0.28010988928051805402,
    (7, 3): 0.61577310586390865410,
    (7, 4): 0.06225774829854913150,
    (7, 5): 0.60232526704262667749,
    (7, 6): 0.21954445729288707412,
    (7, 7): 0.89949493661166535219,
    (7, 8): 0.63014581273464997935,
    (7, 9): 0.40175425099137918039,
    (7, 10): 0.20655561573370206929,
    (7, 11): 0.03840481040529830636,
    (7, 12): 0.89244398944980396493,
    (8, -12): 0.42220510185595649943,
    (8, -11): 0.60147050873544394278,
    (8, -10): 0.80624847486569706234,
    (8, -9): 0.04159457879229577770,
    (8, -8): 0.31370849898476116380,
    (8, -7): 0.63014581273464997935,
    (8, -5): 0.43398113205660315828,
    (8, -4): 0.94427190999915922021,
    (8, -3): 0.54400374531753037388,
    (8, -2): 0.24621125123532117129,
    (8, -1): 0.06225774829854913150,
    (8, 1): 0.06225774829854913150,
    (8, 2): 0.24621125123532117129,
    (8, 3): 0.54400374531753037388,
    (8, 4): 0.94427190999915922021,
    (8, 5): 0.43398113205660315828,
    (8, 7): 0.63014581273464997935,
    (8, 8): 0.31370849898476116380,
    (8, 9): 0.04159457879229577770,
    (8, 10): 0.80624847486569706234,
    (8, 11): 0.60147050873544394278,
    (8, 12): 0.42220510185595649943,
    (9, -11): 0.21267040355189514855,
    (9, -10): 0.45362404707370984625,
    (9, -9): 0.72792206135785519905,
    (9, -8): 0.04159457879229577770,
    (9, -7): 0.40175425099137918039,
    (9, -6): 0.81665382639196870684,
    (9, -5): 0.29563014098700080012,
    (9, -4): 0.84885780179610392793,
    (9, -3): 0.48683298050513812427,
    (9, -2): 0.21954445729288707412,
    (9, -1): 0.05538513813741730019,
    (9, 1): 0.05538513813741730019,
    (9, 2): 0.21954445729288707412,
    (9, 3): 0.48683298050513812427,
    (9, 4): 0.84885780179610392793,
    (9, 5): 0.29563014098700080012,
    (9, 6): 0.81665382639196870684,
    (9, 7): 0.40175425099137918039,
    (9, 8): 0.04159457879229577770,
    (9, 9): 0.72792206135785519905,
    (9, 10): 0.45362404707370984625,
    (9, 11): 0.21267040355189514855,
    (10, -12): 0.62049935181330795331,
    (10, -11): 0.86606874731850602700,
    (10, -10): 0.14213562373095101066,
    (10, -9): 0.45362404707370984625,
    (10, -8): 0.80624847486569706234,
    (10, -7): 0.20655561573370206929,
    (10, -6): 0.66190378969060148506,
    (10, -5): 0.18033988749894902526,
    (10, -4): 0.77032961426900747881,
    (10, -3): 0.44030650891055067575,
    (10, -2): 0.19803902718556898321,
    (10, -1): 0.04987562112088994581,
    (10, 1): 0.04987562112088994581,
    (10, 2): 0.19803902718556898321,
    (10, 3): 0.44030650891055067575,
    (10, 4): 0.77032961426900747881,
    (10, 5): 0.18033988749894902526,
    (10, 6): 0.66190378969060148506,
    (10, 7): 0.20655561573370206929,
    (10, 8): 0.80624847486569706234,
    (10, 9): 0.45362404707370984625,
    (10, 10): 0.14213562373095101066,
    (10, 11): 0.86606874731850602700,
    (10, 12): 0.62049935181330795331,
    (11, -12): 0.27882059609970610836,
    (11, -11): 0.55634918610404504591,
    (11, -10): 0.86606874731850602700,
    (11, -9): 0.21267040355189514855,
    (11, -8): 0.60147050873544394278,
    (11, -7): 0.03840481040529830636,
    (11, -6): 0.52996408614166767848,
    (11, -5): 0.08304597359457233097,
    (11, -4): 0.70469991071962567730,
    (11, -3): 0.40175425099137918039,
    (11, -2): 0.18033988749894902526,
    (11, -1): 0.04536101718726115450,
    (11, 1): 0.04536101718726115450,
    (11, 2): 0.18033988749894902526,
    (11, 3): 0.40175425099137918039,
    (11, 4): 0.70469991071962567730,
    (11, 5): 0.08304597359457233097,
    (11, 6): 0.52996408614166767848,
    (11, 7): 0.03840481040529830636,
    (11, 8): 0.60147050873544394278,
    (11, 9): 0.21267040355189514855,
    (11, 10): 0.86606874731850602700,
    (11, 11): 0.55634918610404504591,
    (11, 12): 0.27882059609970610836,
    (12, -12): 0.97056274847713908116,
    (12, -11): 0.27882059609970610836,
    (12, -10): 0.62049935181330795331,
    (12, -8): 0.42220510185595649943,
    (12, -7): 0.89244398944980396493,
    (12, -6): 0.41640786499873883031,
    (12, -4): 0.64911064067351809115,
    (12, -3): 0.36931687685298086876,
    (12, -2): 0.16552506059643867786,
    (12, -1): 0.04159457879229577770,
    (12, 1): 0.04159457879229577770,
    (12, 2): 0.16552506059643867786,
    (12, 3): 0.36931687685298086876,
    (12, 4): 0.64911064067351809115,
    (12, 6): 0.41640786499873883031,
    (12, 7): 0.89244398944980396493,
    (12, 8): 0.42220510185595649943,
    (12, 10): 0.62049935181330795331,
    (12, 11): 0.27882059609970610836,
    (12, 12): 0.97056274847713908116,
}